1.发行货币 股市 楼市 就是上涨  货币就会贬值






































29011004		宫城良田		96010701
29011006		木暮公延		96010501
29011009		角田悟		96010901				
29011013		植草智之		96020801				
29011014		池上亮二		96020501				
29011028		荒木一雄		96050501				





99020801		96020801
99010901		96010901
99040502		96040551
99011101		96011101
99020401		96020401
99050401		96050401
99010501		96010501		30310501
99050501		96050501
99020501		96020501
99020601		96020601
99010601		96010601
99010701		96010701		30210701


















